00000001
00000001
10000000
00101001
10111000
00001001
10000101
00100001
10001001
01100100
00011001
10001110
00001001
10000101
00100001
10010000
01100100
00011001
10000110
00001001
10000101
00100001
10010111
01100100
00011001
10000001
00001001
10000000
00100001
10000001
00111100
10001010
00111100
10000000
00101001
10101001
00010100
10000000
00101001
10100001
00011111
00100010
10000000
00101001
10001001
00111100
10000000
00111100
10000000
00100001
10000111
00111100
10111101
00100001
10000110
00111100
10000000
00101001
10111001
01000011
00011111
10000000
00101001
11000101
00010100
10000000
00101001
10111101
00011111
00100010
10000000
00101001
10001011
00111100
10000000
00111100
11111000
00001101
10000000
00100001
10000111
00111100
11011011
00100001
10000110
00111100
10000000
00101001
10111001
01000011
00011111
10111101
00001101
10000001
00100001
10000000
00101001
10001000
00111100
10000000
00100001
10001100
00111100
10001101
00111100
10000000
00101001
10001000
00100011
10001011
01111010
10000000
00101001
11110010
01000011
00011010
10000000
00101001
10001001
00100011
10001100
01111001
00111100
10001010
00100011
10000000
00101001
11111000
01000011
00010010
10000000
00101001
11110111
01000011
00011111
01101100
10000000
00101001
10001101
01111001
00111100
10000000
00101001
10001001
00100011
01111001
00111100
10001010
00100011
10000000
00101001
11100000
01000011
00010010
10000000
00101001
11011111
01000011
00011111
01101100
10000000
00101001
10001010
01111001
00111100
10001000
00100011
01111001
00111100
10000000
00101001
11101001
00011101
10000000
00101001
10001101
00100011
10000001
00111100
10001100
00100011
10000000
00111100
10000000
00100001
10000111
00111100
10111010
01000011
00100001
10000110
00111100
10000000
00101001
10111001
01000011
00011111
00000000
10000000
00100001
10000000
00101001
10110010
00111100
10000000
00100001
10000000
00101001
10000010
00111100
10010000
00100001
10000100
00111100
10000000
00101001
10000010
00100011
01111001
00111100
10000001
00100011
01111001
00111100
10000000
00101001
10010101
01000011
00010010
10000000
00101001
10010000
01000011
00011111
10000000
00101001
10000010
01111011
00111100
10000000
00101001
10000000
00100011
01111001
00111100
10000000
00101001
10000001
01000011
00010010
10000001
00101001
10000011
00011111
10000000
00101001
10000001
01111011
00111100
10001010
00100001
10000000
00101001
10000010
01110101
10000001
00101001
10011101
00011100
10000000
00101001
10000010
00111100
10000000
01111011
00111100
10000001
00101001
10011101
00010010
10000000
00101001
10000001
01111011
00111100
10000000
00101001
10000100
01110111
00111100
10000000
00101001
10101001
01000011
00011101
10110000
00100001
10000000
00101001
10000010
01111001
00101100
10110010
01111011
00111100
01001001
00111111
10000001
00100011
10000000
01111110
10000000
00101001
10110011
01000011
00011101
10000000
00101001
10110010
00100011
10000101
00111100
10000000
00101001
10000101
00100011
10110010
01001001
00001111
10000101
01110111
00111100
10000001
00101001
11000010
00011101
10000000
00101001
10000111
00100011
10000110
00100111
00101000
00011111
00000000
