00000001
00000001
10000000
00101001
10000001
00001001
00100001
01101100
10001100
00011010
10000111
00011111
10111000
00001001
00000001
00000001
00000001
00000001
00000001
00000001
00000001
00000001
00000001
00000001
00000001
10001110
00001001
00000001
00000001
00000001
00000001
00000001
00000001
00000001
00000001
00000001
00000001
00000001
10000110
00001001
10000110
00100001
10000001
00111100
10111110
01000011
00100001
10000000
00111100
10000000
00101001
11001010
00011111
10000000
00101001
10110010
00100011
10000101
00111100
10000000
00101001
10000101
00100011
10110010
01001001
00001111
10000101
01110111
00111100
10000000
00101001
10111011
00011101
00000000
10000000
00100001
10000000
00101001
10110010
00111100
10000000
00100001
10000000
00101001
10000010
00111100
10010000
00100001
10000100
00111100
10000000
00101001
10000010
00100011
01111001
00111100
10000000
00101001
10000001
00100011
01111001
00111100
10000000
00101001
11101110
00010010
10000000
00101001
11110011
00011111
10000000
00101001
10000010
01111011
00111100
10000000
00101001
10000000
00100011
01111001
00111100
10000000
00101001
11111100
01000011
00010010
10000000
00101001
11110111
01000011
00011111
10000000
00101001
10000001
01111011
00111100
10001010
00100001
10000000
00101001
10000010
01110101
10000000
00101001
11011011
01000011
00011100
10000000
00101001
10000010
00111100
10000000
01111011
00111100
10000000
00101001
11011011
01000011
00010010
10000000
00101001
10000001
01111011
00111100
10000100
01110111
00111100
10000000
00101001
11011010
00011101
10110000
00100001
10000000
00101001
10000010
01111001
00101100
10110010
01111011
00111100
01001001
00111111
10000001
00100011
10000000
01111110
10000000
00101001
11010000
00011101
10000000
00101001
10110101
00011111
00000000
