00000001
00000001
10000000
00101001
10111000
00001001
10000101
00100001
10001001
01100100
00011001
10001110
00001001
10000101
00100001
10010000
01100100
00011001
10000110
00001001
10000101
00100001
10010111
01100100
00011001
10000001
00001001
10000000
00101101
10000010
00100001
10000001
00101001
00100100
00111111
01101100
10000000
00101001
10011111
00010010
10000000
00101001
10000000
01100011
10000001
00101001
10000000
00111100
10000001
00111100
10000000
00101001
10000010
00100001
10000000
00111100
10010000
00100001
10000000
01110101
11100110
00011001
10000000
00100011
10000001
00101001
00100100
00100011
10000000
00101001
11100001
00011101
10000000
00100011
01111001
10000001
00111100
10000000
01000011
00101101
10000001
00100011
10000001
00101001
00100100
00111111
10000000
00101001
10000000
00100011
10000001
01111001
00111100
11100001
00010010
11001101
00011111
10000000
01111011
00111100
10111000
00011111
10000010
00100001
10000000
00111100
11101110
00010100
11101010
00011111
00100010
10000000
00100011
10000010
00111100
11111000
01000011
00011111
10000000
00101111
00110011
01101100
00101100
10000001
00101001
00110111
00100011
10000000
00101001
11111000
00011101
10000000
00111111
11101010
00011111
10000001
00001001
00100001
11110011
01000011
00000001
00000001
00000001
01101100
00011001
10000000
00100001
10110010
00111100
10000000
00100001
10000011
00111100
10001000
00100001
10000100
00111100
10000011
00100011
01111001
00111100
10000010
00100011
01111001
00111100
11010100
01000011
00010010
11010001
01000011
00011111
10000011
01111011
00111100
10001010
00100001
10000011
01110101
11000101
01000011
00011100
10000011
00111100
10000010
01111011
00111100
10000100
01110111
00111100
11100010
01000011
00011101
10110000
00100001
10000011
01111001
00101100
10110010
01111011
00111100
01001001
00111111
10000010
00100011
11101010
01000011
00011101
10110010
00100011
10000101
00111100
10000101
00100011
10110010
01001001
00001111
10000101
01110111
00111100
10101100
01000011
00000001
00000001
00000001
00000001
00000001
00011101
11110110
00011111
00000000
