00000001
00000001
10000001
00111101
10000000
00101001
00111101
10111000
00001001
10000101
00100001
10001100
01100100
00011001
10001110
00001001
10000101
00100001
10010011
01100100
00011001
10000110
00001001
10000101
00100001
10011010
01100100
00011001
10000001
00001001
10100010
00010100
10011110
00011111
00100010
10000001
00100011
10000000
00100111
01101001
00101101
10110011
00010010
10000000
00111100
10000001
00111111
10000010
00111100
10111001
00011111
10000001
00100001
10000000
00101101
10101011
00011111
10000001
00001001
00100001
10111101
00000001
00000001
00000001
01101100
00011001
10000000
00100001
10110010
00111100
10000000
00100001
10000011
00111100
10001000
00100001
10000100
00111100
10000011
00100011
01111001
00111100
10000010
00100011
01111001
00111100
11011010
00010010
11011101
00011111
10000011
01111011
00111100
10001010
00100001
10000011
01110101
11101000
00011100
10000011
00111100
10000010
01111011
00111100
10000100
01110111
00111100
11001110
00011101
10110000
00100001
10000011
01111001
00101100
10110010
01111011
00111100
01001001
00111111
10000010
00100011
11000110
00011101
10110010
00100011
10000101
00111100
10000101
00100011
10110010
01001001
00001111
10000101
01110111
00111100
11111111
00000001
00000001
00000001
00000001
00000001
00011101
10011110
00011111
00000000
